
EA = -0.023095 + 6.400616i
EB = -0.4231 - 2.7994i
EC =  6.7769 + 56.8006i
ED = -68.423 + 23.201i

Ix =  3.7600 + 1.6800i

Ia =  6.8400 - 1.6800i
Ib =  -1.4400 - 11.9200i
Ic =  5.2000 + 13.6000i
